20	111	26	117	
20	111	26	117	
33	114	32	114	
27	131	21	124	
14	107	33	126	
38	111	30	104	
13	110	31	128	
21	103	22	105	
20	119	12	112	
20	115	15	110	
47	131	34	118	
22	112	20	110	
16	112	28	124	
46	138	18	111	
13	106	25	118	
39	131	21	113	
28	101	42	115	
23	113	31	122	
29	125	20	116	
20	111	26	117	
9	108	22	121	
38	134	16	112	
22	127	19	123	
18	110	23	115	
26	110	28	112	
20	111	26	117	
20	111	26	117	
19	114	28	122	
22	110	19	106	
20	111	26	117	
20	111	26	117	
20	111	26	117	
14	102	34	121	
23	102	34	113	
20	111	26	117	
40	131	23	114	
20	111	26	117	
23	125	26	127	
27	119	23	115	
20	111	26	117	
18	105	32	120	
15	108	14	107	
36	131	25	120	
16	105	11	100	
22	136	29	143	
24	113	34	124	
31	120	23	112	
32	113	32	113	
26	118	17	110	
30	117	29	116	
18	116	17	115	
27	108	22	103	
39	122	28	110	
29	116	24	111	
43	121	41	119	
23	103	37	118	
13	116	20	123	
20	111	26	117	
20	111	26	117	
27	122	27	122	
23	109	27	113	
34	124	22	112	
23	110	34	122	
43	112	36	105	
27	124	17	114	
20	111	26	117	
22	119	25	122	
38	123	18	103	
32	124	23	115	
23	125	25	127	
30	122	32	125	
27	114	35	122	
19	118	27	126	
41	118	33	111	
24	111	29	117	
23	112	36	125	
24	103	22	101	
29	119	25	114	
27	109	27	109	
20	111	26	117	
17	108	30	122	
22	120	19	117	
25	113	15	103	
29	111	15	98	
22	112	9	99	
26	124	28	126	
30	117	33	120	
21	114	24	117	
39	122	16	99	
20	109	16	105	
14	119	24	129	
31	123	20	113	
26	107	25	106	
26	125	30	129	
21	118	25	123	
16	123	7	113	
21	112	16	107	
36	118	31	114	
34	119	32	117	
26	123	13	110	
26	116	17	107	
28	124	18	114	
20	111	26	117	
40	125	32	118	
30	116	27	113	
29	110	34	115	
20	111	26	117	
30	125	30	124	
30	115	21	106	
33	126	25	117	
21	107	24	110	
22	112	27	117	
43	127	35	119	
18	106	32	120	
33	123	21	111	
30	106	34	110	
21	99	31	108	
36	119	17	100	
20	111	26	117	
39	128	38	127	
37	124	31	118	
20	111	26	117	
24	107	30	114	
30	116	37	123	
20	105	32	117	
21	127	15	121	
13	122	12	120	
20	111	26	117	
14	111	12	109	
39	121	31	114	
17	112	44	140	
15	103	29	117	
27	119	23	115	
21	127	9	115	
23	102	25	103	
12	96	28	111	
34	120	28	113	
31	122	23	114	
27	126	28	127	
16	121	12	116	
20	122	19	120	
29	132	15	118	
35	113	11	89	
26	127	17	118	
20	111	26	117	
29	134	21	127	
40	118	15	92	
30	112	29	111	
20	111	26	117	
37	121	19	103	
20	111	26	117	
20	120	16	115	
27	118	21	112	
29	106	23	100	
20	111	26	117	
22	136	17	131	
35	115	27	108	
18	101	37	120	
30	111	41	122	
33	112	41	121	
28	123	21	116	
24	111	26	114	
27	109	29	112	
41	125	26	109	
54	135	24	106	
29	108	23	102	
23	115	17	108	
20	111	26	117	
32	135	32	135	
10	113	22	125	
47	127	40	120	
20	111	26	117	
22	121	18	116	
24	121	24	120	
14	116	11	113	
41	133	21	113	
37	135	26	124	
21	123	15	116	
30	123	28	121	
15	125	11	121	
25	121	24	120	
9	101	9	101	
18	129	18	130	
29	108	29	108	
33	101	31	99	
37	123	33	119	
20	115	32	128	
31	116	38	124	
32	122	29	119	
34	127	16	110	
44	118	38	113	
20	108	28	116	
31	114	23	106	
29	125	26	122	
18	110	18	110	
28	128	31	131	
24	106	28	110	
20	111	26	117	
36	137	13	114	
40	109	24	93	
34	119	24	109	
34	119	23	107	
20	111	26	117	
23	121	18	116	
44	122	23	101	
20	111	26	117	
25	120	26	120	
20	111	26	117	
30	125	27	122	
36	124	31	119	
16	107	21	113	
21	104	33	117	
27	127	26	126	
21	116	15	111	
22	103	38	119	
34	130	17	113	
29	118	31	120	
27	119	20	111	
27	108	31	112	
54	146	27	119	
12	116	27	131	
21	118	16	113	
37	109	41	112	
36	126	23	113	
28	114	30	117	
17	112	20	114	
17	97	40	120	
30	115	29	114	
36	116	36	116	
28	117	30	119	
22	117	15	110	
39	122	34	117	
20	111	26	117	
15	108	33	125	
25	124	19	118	
30	118	20	108	
24	120	24	120	
20	111	26	117	
19	112	22	115	
28	127	16	115	
18	110	27	119	
20	111	26	117	
27	129	27	129	
23	106	23	106	
16	116	13	113	
11	110	28	128	
37	130	33	126	
28	125	24	121	
16	122	20	126	
29	111	37	120	
19	116	19	116	
25	114	30	119	
23	106	23	106	
15	111	19	115	
20	111	26	117	
20	111	26	117	
34	138	26	131	
25	117	31	123	
20	111	26	117	
20	111	26	117	
20	111	26	117	
21	111	16	107	
31	131	11	111	
33	133	31	131	
26	115	19	108	
31	121	21	112	
9	108	25	125	
45	116	10	82	
25	118	24	117	
16	113	18	115	
20	111	26	117	
11	112	11	112	
20	111	26	117	
23	121	15	113	
24	110	22	108	
25	127	12	114	
39	130	37	128	
26	112	20	106	
47	122	44	119	
20	111	26	117	
28	115	25	112	
20	111	26	117	
20	111	26	117	
21	108	21	108	
37	130	23	116	
18	110	32	125	
23	104	22	103	
20	111	26	117	
20	111	26	117	
15	106	26	117	
28	127	15	115	
39	131	33	125	
20	111	26	117	
9	108	16	115	
28	102	31	105	
20	111	26	117	
31	116	35	120	
17	100	35	118	
13	99	33	118	
24	128	25	130	
20	111	26	117	
16	98	34	116	
24	106	16	97	
12	117	24	129	
23	110	21	108	
34	135	32	133	
25	128	15	118	
23	118	26	121	
34	139	36	141	
34	124	21	111	
37	127	25	115	
20	111	26	117	
17	113	31	126	
47	129	20	103	
26	112	33	118	
33	118	22	107	
19	116	11	109	
20	111	26	117	
33	105	34	106	
31	124	26	120	
19	112	24	117	
29	107	44	122	
33	111	27	105	
39	131	24	116	
20	111	26	117	
38	121	20	102	
28	117	32	121	
25	110	23	109	
26	118	30	123	
22	95	30	103	
20	111	26	117	
24	127	19	122	
14	114	19	119	
38	117	38	117	
23	115	31	123	
38	116	35	113	
39	124	17	103	
30	125	19	113	
39	118	21	100	
31	114	34	118	
24	115	33	123	
20	102	19	101	
33	101	32	100	
20	111	26	117	
43	125	24	106	
24	103	26	105	
32	124	18	110	
20	111	26	117	
20	111	26	117	
35	117	28	110	
27	124	14	111	
20	111	26	117	
30	126	27	123	
33	115	26	108	
22	114	22	114	
15	113	27	125	
20	111	26	117	
19	116	30	128	
22	100	33	112	
23	115	31	123	
27	126	24	123	
35	121	30	115	
35	112	24	101	
17	107	25	115	
21	109	31	119	
25	120	34	129	
14	107	30	123	
33	123	7	97	
14	117	8	111	
24	109	30	115	
23	126	11	114	
33	123	24	114	
20	117	17	113	
26	122	26	122	
27	122	29	124	
31	121	21	111	
40	128	30	118	
24	114	19	108	
44	121	27	104	
20	111	26	117	
20	111	26	117	
14	112	30	128	
32	122	33	123	
20	111	26	117	
17	103	23	110	
19	111	30	121	
27	110	39	122	
34	124	29	119	
20	113	29	122	
30	120	34	124	
24	111	14	101	
20	111	26	117	
26	116	33	124	
33	126	19	112	
34	116	31	113	
40	119	38	117	
16	102	25	111	
36	125	33	122	
16	113	13	110	
20	111	26	117	
43	123	30	111	
20	111	26	117	
23	99	22	98	
24	123	17	115	
35	130	24	120	
6	120	22	136	
20	111	26	117	
27	129	15	117	
23	109	32	118	
32	133	14	114	
38	123	34	120	
35	117	23	106	
15	112	12	109	
33	116	26	109	
24	122	20	117	
15	107	24	117	
9	112	20	123	
19	120	19	120	
23	113	21	111	
20	111	26	117	
25	109	33	117	
20	111	26	117	
38	118	28	108	
14	117	29	132	
36	125	24	114	
39	122	39	122	
31	128	27	123	
25	124	27	126	
20	111	26	117	
17	120	26	129	
20	111	26	117	
20	111	26	117	
24	116	27	118	
20	111	26	117	
20	111	26	117	
27	111	27	111	
44	126	36	117	
5	102	29	126	
19	128	21	129	
25	118	26	119	
24	118	22	116	
36	128	28	120	
24	123	24	123	
10	114	20	124	
40	126	24	110	
26	125	14	113	
13	108	30	125	
14	105	25	116	
26	119	18	111	
41	144	12	115	
20	111	26	117	
43	120	25	102	
20	111	26	117	
35	128	26	119	
44	133	18	107	
15	130	22	137	
17	125	15	122	
33	134	17	118	
30	115	18	104	
20	120	26	126	
39	120	23	103	
21	119	26	124	
20	111	26	117	
45	126	45	126	
15	114	9	109	
38	139	30	131	
20	111	26	117	
20	111	26	117	
23	122	26	125	
34	114	39	119	
20	111	26	117	
24	115	22	113	
39	134	28	123	
26	108	19	102	
41	132	25	117	
32	118	32	117	
21	115	19	113	
20	111	26	117	
24	117	31	124	
28	119	22	113	
26	107	37	117	
12	115	24	127	
24	109	43	128	
24	126	35	137	
38	130	21	114	
25	117	15	106	
29	126	27	124	
13	105	33	126	
20	111	26	117	
42	109	29	96	
19	118	16	115	
29	120	21	111	
19	119	14	114	
28	128	18	118	
38	131	23	116	
20	111	26	117	
7	110	18	121	
20	111	26	117	
25	108	25	108	
20	111	26	117	
30	109	26	105	
18	110	32	125	
30	113	16	99	
37	131	12	106	
19	116	44	142	
20	105	19	103	
20	117	27	124	
22	115	16	109	
15	106	16	106	
17	120	22	125	
14	112	23	121	
37	118	37	118	
20	111	26	117	
41	123	27	110	
32	125	20	112	
14	117	11	115	
43	125	20	102	
27	112	30	115	
40	127	23	110	
32	120	17	104	
22	118	32	128	
20	111	26	117	
21	104	23	106	
44	126	32	114	
27	114	40	127	
11	112	9	110	
39	129	34	124	
20	111	26	117	
35	127	19	112	
38	128	33	123	
25	124	31	131	
23	114	31	122	
20	111	26	117	
15	103	20	108	
29	132	24	127	
21	104	27	110	
24	113	17	106	
16	108	15	106	
17	119	14	116	
30	126	30	125	
24	109	31	116	
25	117	23	115	
23	124	28	129	
11	123	17	129	
20	111	26	117	
20	111	26	117	
23	113	20	110	
24	113	34	122	
33	122	15	104	
17	120	12	115	
18	119	18	119	
34	125	28	119	
13	112	16	115	
31	105	39	114	
20	111	35	126	
24	116	22	113	
20	111	26	117	
25	118	31	124	
7	110	29	132	
30	109	32	112	
36	125	27	116	
33	109	35	111	
25	118	17	110	
30	134	12	117	
35	108	35	108	
31	121	22	112	
22	100	34	112	
28	115	31	119	
15	107	26	117	
27	108	29	109	
27	112	16	101	
12	104	30	122	
15	119	24	128	
44	127	38	120	
23	115	18	110	
37	118	30	110	
35	135	23	122	
19	105	27	113	
20	111	26	117	
20	111	26	117	
20	111	26	117	
20	111	26	117	
27	121	19	112	
34	110	32	108	
20	111	26	117	
32	112	32	112	
21	117	20	116	
28	129	10	111	
34	117	27	110	
20	111	26	117	
28	117	24	114	
22	121	9	108	
28	111	32	115	
20	106	32	118	
30	122	30	122	
24	129	30	135	
24	121	19	116	
33	120	35	123	
19	124	21	126	
23	122	18	117	
38	137	31	131	
27	101	14	88	
19	94	23	98	
26	112	39	125	
14	112	28	126	
20	111	26	117	
45	136	31	122	
18	114	30	126	
29	109	31	111	
19	118	25	125	
36	119	16	100	
32	116	31	115	
27	119	36	128	
13	123	17	127	
20	103	35	118	
30	110	32	112	
37	118	24	105	
25	108	33	115	
11	99	13	100	
30	131	28	128	
28	121	27	120	
25	122	29	126	
36	126	30	119	
20	103	35	117	
38	134	14	109	
18	121	17	120	
30	119	18	108	
15	118	28	131	
30	111	28	109	
24	125	25	125	
22	110	27	115	
37	121	34	118	
20	111	26	117	
20	106	24	109	
29	113	36	120	
36	109	23	96	
17	114	12	110	
35	111	28	105	
10	116	13	120	
14	101	31	118	
37	114	24	102	
31	121	34	125	
33	118	37	121	
36	113	30	108	
20	111	26	117	
48	126	22	101	
31	116	34	119	
44	124	38	117	
20	111	26	117	
18	106	24	112	
24	103	41	119	
19	109	15	105	
23	120	27	124	
29	113	17	100	
15	126	10	121	
23	121	15	112	
40	113	23	96	
20	111	26	117	
32	125	36	129	
8	111	17	120	
20	111	26	117	
33	119	33	119	
12	121	18	126	
43	129	29	115	
20	111	26	117	
28	121	30	123	
20	111	26	117	
25	109	37	121	
18	110	27	119	
22	136	11	125	
20	111	26	117	
19	114	35	130	
36	128	27	119	
29	132	18	121	
21	113	17	110	
20	111	26	117	
19	103	34	118	
36	125	32	120	
25	114	23	111	
34	124	28	117	
18	113	26	120	
11	112	22	123	
16	103	16	103	
36	129	37	130	
20	111	26	117	
36	127	34	125	
21	101	35	114	
26	125	12	111	
33	111	33	111	
30	122	21	113	
31	110	20	99	
23	115	27	119	
35	122	35	122	
23	106	26	110	
19	104	27	113	
45	137	23	116	
42	124	20	102	
20	111	26	117	
15	113	31	129	
31	120	29	119	
29	109	20	100	
24	102	22	100	
35	119	27	111	
19	118	21	120	
18	99	32	114	
20	112	16	107	
28	112	26	110	
23	128	11	115	
30	114	25	110	
26	116	32	122	
38	116	33	112	
11	104	13	106	
37	121	31	116	
29	119	23	113	
21	103	25	106	
20	117	27	124	
20	111	26	117	
23	121	14	111	
28	142	22	136	
25	118	19	111	
35	124	31	120	
21	116	13	108	
40	124	29	114	
20	111	26	117	
20	111	26	117	
20	108	15	103	
20	111	26	117	
26	109	33	116	
18	110	18	110	
20	111	26	117	
17	112	33	128	
30	109	32	112	
25	120	31	126	
37	106	26	95	
23	124	20	121	
21	109	26	113	
31	119	15	102	
42	129	22	109	
28	138	8	118	
22	112	35	125	
26	121	32	126	
20	111	26	117	
29	112	14	97	
49	126	38	115	
13	119	12	117	
13	115	15	116	
33	130	20	117	
13	100	26	113	
12	113	28	128	
20	111	26	117	
35	119	44	128	
19	122	10	113	
38	126	33	120	
32	110	27	105	
36	102	13	79	
33	122	30	119	
21	115	15	110	
19	117	30	127	
32	117	30	115	
20	106	26	112	
27	119	18	110	
16	117	12	113	
35	125	22	113	
20	111	26	117	
30	116	30	116	
26	116	36	125	
24	120	32	129	
25	101	25	101	
24	130	23	129	
17	99	36	119	
25	121	15	110	
23	112	29	118	
20	111	26	117	
27	116	32	121	
28	126	30	128	
24	117	17	109	
15	106	30	122	
13	113	20	120	
18	102	19	104	
29	109	42	123	
39	139	27	127	
23	132	11	119	
16	105	39	127	
31	118	29	116	
31	118	11	98	
25	116	23	113	
16	104	14	102	
14	99	27	113	
17	117	24	123	
31	114	34	117	
34	120	41	127	
21	107	24	110	
22	114	14	106	
11	108	16	112	
30	118	23	111	
32	119	24	111	
35	131	25	120	
24	104	34	113	
37	130	28	121	
20	111	26	117	
40	133	23	116	
23	102	39	118	
27	109	27	108	
41	123	35	118	
27	119	27	119	
24	113	33	122	
35	123	8	95	
20	111	26	117	
22	115	20	113	
36	128	18	110	
18	104	27	113	
6	120	22	136	
34	133	16	115	
20	111	26	117	
23	108	18	103	
21	111	18	108	
25	122	29	126	
13	102	18	107	
19	112	21	114	
35	136	15	116	
18	110	32	124	
12	109	22	120	
15	118	35	138	
25	117	29	121	
34	119	27	112	
17	105	27	115	
20	111	26	117	
19	113	13	107	
33	126	32	124	
29	106	37	114	
17	110	22	115	
20	111	26	117	
36	125	34	123	
13	119	9	115	
21	119	26	125	
20	111	26	117	
20	130	10	120	
24	112	35	123	
44	121	34	111	
19	122	19	122	
43	125	40	122	
33	115	26	107	
26	119	17	109	
37	128	18	109	
14	104	35	125	
28	111	25	108	
29	107	13	91	
31	107	34	111	
34	115	42	123	
20	111	26	117	
31	126	19	115	
42	139	19	116	
11	125	25	139	
36	120	28	112	
27	119	27	119	
32	125	29	122	
32	115	30	113	
20	111	26	117	
20	111	26	117	
14	108	34	129	
35	122	24	111	
33	140	16	123	
30	121	23	113	
24	119	28	123	
14	118	18	122	
18	112	31	126	
21	114	21	114	
31	116	30	114	
18	123	12	117	
23	109	34	120	
20	111	26	117	
22	116	30	124	
20	111	26	117	
20	111	26	117	
28	119	26	118	
20	111	26	117	
20	111	26	117	
22	105	31	115	
35	120	37	121	
24	130	24	130	
20	116	18	114	
21	112	33	125	
40	121	27	108	
20	111	26	117	
26	108	28	109	
40	130	29	119	
25	106	29	109	
28	111	23	106	
22	125	16	119	
8	108	16	117	
32	127	21	116	
38	126	33	121	
28	109	42	123	
20	111	26	117	
35	128	15	108	
37	113	28	104	
21	105	34	117	
29	122	24	117	
18	110	23	115	
18	120	15	116	
35	121	30	115	
28	114	29	114	
27	124	26	122	
20	111	26	117	
20	111	25	116	
20	111	26	117	
9	111	16	117	
15	110	20	116	
15	107	24	116	
35	124	21	109	
27	119	23	115	
49	137	36	124	
5	108	25	128	
19	104	32	117	
20	111	26	117	
20	111	26	117	
38	132	24	119	
54	131	41	118	
25	128	25	128	
22	117	32	126	
16	113	30	128	
20	107	31	118	
20	111	26	117	
18	99	24	104	
19	120	31	132	
33	118	25	109	
28	128	31	131	
20	111	26	117	
30	110	38	118	
36	138	18	120	
23	116	40	133	
20	121	27	129	
23	120	32	128	
11	109	11	109	
22	115	34	127	
36	128	18	110	
16	113	21	118	
16	114	24	122	
17	121	14	118	
33	118	19	103	
29	106	33	111	
24	118	19	114	
31	124	29	122	
10	116	32	139	
9	96	26	113	
20	106	17	104	
20	111	26	117	
17	126	4	111	
14	110	14	111	
32	113	12	92	
29	109	30	109	
20	111	26	117	
31	109	33	111	
30	131	27	128	
33	128	33	128	
33	123	16	106	
29	113	37	121	
24	128	11	116	
27	107	27	107	
31	124	26	119	
26	114	22	110	
15	108	20	113	
17	120	7	110	
22	116	23	117	
28	108	31	112	
34	125	29	119	
17	110	25	118	
54	146	9	101	
15	112	24	121	
32	121	23	112	
16	107	26	117	
25	114	22	112	
36	123	30	117	
14	118	18	122	
11	114	13	116	
22	120	18	116	
37	116	30	109	
35	122	19	106	
19	102	27	110	
16	115	22	121	
39	123	21	105	
36	125	31	120	
30	125	18	113	
41	130	32	121	
34	122	21	109	
31	123	23	115	
46	126	29	109	
28	118	17	107	
17	115	13	110	
21	117	29	124	
20	111	26	117	
28	112	32	116	
33	117	31	115	
18	130	8	120	
34	135	19	119	
30	128	23	121	
20	111	26	117	
31	135	10	114	
18	110	18	110	
37	126	31	121	
20	111	26	117	
20	111	26	117	
23	115	26	118	
9	107	16	113	
35	125	24	114	
39	121	30	112	
20	111	26	117	
20	120	26	126	
37	118	27	109	
21	114	34	127	
22	113	17	108	
20	111	26	117	
20	111	26	117	
24	111	26	113	
20	111	26	117	
31	114	35	117	
37	136	12	110	
29	119	28	118	
30	130	16	116	
28	121	29	122	
29	122	30	123	
27	114	18	105	
10	113	9	112	
40	117	34	111	
24	114	26	115	
29	112	24	107	
22	116	22	116	
36	132	27	124	
20	111	26	117	
20	127	30	137	
36	116	35	114	
41	119	40	119	
27	109	28	111	
18	117	12	110	
22	115	23	115	
13	111	34	132	
44	121	28	105	
46	109	29	93	
24	113	32	121	
13	117	23	128	
24	119	22	117	
30	109	28	106	
35	123	40	129	
27	107	28	108	
24	113	29	118	
29	123	32	126	
20	111	26	117	
20	111	26	117	
24	116	31	124	
19	128	8	117	
20	107	22	109	
44	129	35	119	
20	111	26	117	
26	119	27	120	
28	124	12	107	
20	111	26	117	
33	140	20	127	
31	124	26	119	
20	111	26	117	
29	127	22	120	
23	115	22	114	
21	102	20	101	
9	104	7	102	
27	128	11	112	
18	111	16	109	
19	100	20	102	
23	118	29	124	
27	112	35	119	
20	111	26	117	
20	111	26	117	
23	102	30	109	
34	124	21	111	
28	103	40	114	
22	128	21	127	
39	131	24	115	
20	111	26	117	
27	118	20	111	
33	126	28	121	
32	124	18	110	
12	102	29	119	
20	111	26	117	
38	117	21	100	
20	111	26	117	
37	133	17	113	
21	127	10	117	
20	111	26	117	
31	137	13	119	
20	117	20	117	
39	121	37	120	
18	98	30	110	
31	114	19	102	
29	125	21	117	
36	130	22	116	
14	94	29	109	
25	117	16	109	
15	106	33	124	
14	113	30	129	
36	127	27	118	
20	111	26	117	
29	115	17	102	
27	122	26	121	
34	123	30	119	
38	123	20	106	
46	128	27	109	
19	128	10	119	
41	122	31	112	
21	103	30	113	
20	111	26	117	
20	111	26	117	
18	103	18	104	
20	111	26	117	
27	115	34	122	
25	112	22	110	
16	107	31	122	
20	111	26	117	
19	122	9	112	
28	119	21	112	
23	105	23	106	
39	116	26	102	
36	116	21	102	
22	112	30	120	
14	102	18	106	
8	114	13	119	
19	100	31	112	
27	105	28	105	
20	111	26	117	
33	126	34	127	
17	121	11	115	
18	90	22	93	
28	119	31	121	
20	111	26	117	
15	107	22	114	
31	125	18	111	
37	119	26	108	
17	101	30	114	
29	108	40	119	
30	121	24	115	
14	130	16	132	
17	101	27	111	
29	119	20	110	
21	113	30	122	
21	102	26	107	
23	121	28	126	
30	113	24	107	
27	119	32	124	
36	128	27	119	
30	118	36	124	
13	111	20	118	
38	134	32	127	
20	111	26	117	
30	114	37	120	
41	132	25	116	
42	124	31	114	
31	127	27	123	
17	127	16	127	
25	127	26	128	
20	111	26	117	
25	134	10	120	
36	123	26	113	
27	108	25	105	
8	118	11	120	
36	121	29	114	
25	115	30	121	
31	126	33	128	
18	110	18	110	
40	129	17	106	
16	124	9	117	
26	111	30	115	
15	95	19	99	
29	122	22	115	
42	115	35	108	
17	102	18	103	
25	110	28	113	
26	124	28	126	
20	111	26	117	
20	111	26	117	
26	133	16	123	
26	120	31	125	
33	126	37	130	
14	105	18	110	
35	122	35	121	
15	138	4	127	
35	113	35	113	
36	116	26	106	
34	130	29	125	
20	111	26	117	
19	112	16	109	
29	113	35	119	
21	114	16	109	
18	110	36	128	
20	111	26	117	
35	125	40	130	
25	122	30	127	
22	110	26	114	
35	121	34	120	
36	121	18	103	
52	132	19	99	
40	124	22	106	
40	134	24	118	
37	130	40	133	
43	129	37	123	
30	115	24	110	
19	120	26	127	
29	105	28	104	
22	101	36	114	
37	121	33	116	
30	119	30	118	
36	129	24	117	
27	115	25	113	
33	128	25	121	
25	124	16	115	
36	121	33	117	
23	113	25	115	
16	113	30	127	
16	115	28	128	
37	126	35	124	
24	107	21	104	
22	118	22	117	
20	111	26	117	
36	128	26	117	
31	121	23	112	
23	128	24	129	
20	111	26	117	
37	123	35	120	
20	111	26	117	
32	124	18	110	
37	122	26	111	
38	122	35	119	
31	122	32	123	
24	105	34	115	
31	120	16	105	
25	114	16	105	
14	112	33	130	
27	108	27	108	
9	112	30	133	
46	115	30	100	
24	107	23	106	
25	119	14	107	
33	126	36	129	
30	101	42	113	
22	115	28	121	
24	120	22	118	
45	120	21	96	
33	128	33	129	
21	107	35	121	
20	111	26	117	
39	133	29	123	
34	120	34	120	
11	96	19	104	
27	109	31	114	
43	138	19	114	
14	102	31	120	
33	135	18	121	
21	114	19	111	
36	120	34	117	
17	117	14	114	
22	118	13	110	
20	111	26	117	
25	111	34	121	
18	113	18	113	
33	119	28	113	
24	117	11	104	
20	111	26	117	
22	125	14	117	
12	109	13	110	
4	92	27	119	
23	113	20	111	
39	125	32	118	
20	98	37	114	
20	113	30	123	
15	104	32	121	
20	112	22	114	
30	128	31	129	
34	124	21	111	
30	126	30	126	
41	128	27	114	
20	111	26	117	
14	119	24	128	
28	121	20	112	
32	124	27	119	
29	117	26	115	
35	113	29	107	
40	121	21	101	
50	125	33	107	
32	125	14	107	
36	137	26	127	
28	113	38	122	
25	113	33	122	
27	125	18	116	
25	118	28	121	
17	120	12	115	
8	104	27	123	
20	111	26	117	
27	123	29	125	
34	121	31	118	
37	123	27	114	
12	115	11	114	
43	129	26	111	
12	113	21	122	
20	111	26	117	
25	123	30	128	
37	130	29	123	
29	112	35	117	
29	115	33	119	
23	105	18	100	
23	126	23	126	
17	115	30	128	
22	115	20	113	
23	112	26	116	
14	122	30	138	
33	124	33	124	
17	120	24	127	
26	113	22	109	
39	122	35	118	
13	106	36	128	
18	106	27	114	
27	127	30	130	
23	115	22	113	
20	130	19	128	
19	118	15	113	
27	125	21	119	
33	123	21	111	
20	111	26	117	
20	111	26	117	
20	127	20	127	
20	111	26	117	
16	102	21	107	
35	135	10	110	
20	125	18	123	
33	129	25	121	
36	129	27	120	
31	116	39	123	
39	130	32	123	
27	119	14	106	
43	133	28	117	
27	123	30	126	
16	112	18	114	
18	116	19	117	
20	111	26	117	
19	116	22	119	
24	117	23	116	
20	113	24	116	
21	111	23	113	
20	117	28	124	
37	130	16	109	
15	113	33	131	
20	111	26	117	
13	106	18	111	
21	117	22	118	
28	126	25	124	
20	113	23	116	
24	113	30	119	
82	141	47	107	
41	121	34	114	
22	103	31	113	
20	111	26	117	
36	111	44	118	
39	132	31	123	
31	119	19	107	
30	119	41	130	
28	123	25	120	
19	122	19	122	
20	102	14	96	
31	123	32	125	
13	116	28	131	
23	117	34	128	
25	104	35	114	
20	111	26	117	
25	106	31	112	
18	116	21	119	
32	113	36	117	
35	118	27	110	
20	111	26	117	
39	118	38	118	
24	108	26	110	
28	128	31	131	
36	128	27	119	
38	120	35	117	
31	126	13	109	
39	124	36	121	
17	131	28	142	
37	117	38	118	
36	136	11	110	
12	110	37	136	
14	105	32	123	
24	105	17	99	
35	113	22	100	
23	103	31	112	
20	111	26	117	
31	124	25	118	
37	128	29	121	
44	113	32	101	
22	128	10	116	
22	95	39	112	
37	127	31	121	
23	118	23	119	
20	111	26	117	
36	125	16	105	
23	119	21	118	
28	103	41	116	
42	117	19	93	
18	107	33	122	
36	127	32	123	
20	111	26	117	
29	114	39	124	
27	112	26	111	
30	116	26	111	
42	131	34	123	
21	115	17	111	
23	117	18	112	
33	132	32	131	
33	147	11	125	
20	111	26	117	
26	119	16	109	
22	134	18	130	
20	111	26	117	
23	113	21	111	
30	123	32	125	
21	111	22	112	
23	123	18	118	
20	111	26	117	
15	115	8	108	
38	123	19	104	
20	111	26	117	
14	99	24	110	
35	121	29	115	
17	110	25	118	
25	118	17	110	
20	111	26	117	
29	111	31	113	
20	111	26	117	
20	111	26	117	
10	118	13	120	
34	115	17	98	
24	115	29	120	
18	110	18	110	
34	115	39	121	
22	127	10	114	
9	120	13	124	
20	111	26	117	
22	105	32	115	
26	116	23	113	
20	112	18	109	
32	117	30	114	
21	107	32	117	
9	101	18	110	
24	116	21	113	
20	111	26	117	
20	111	26	117	
43	129	29	115	
26	114	31	119	
38	123	35	120	
21	104	31	114	
19	120	19	120	
22	115	33	126	
22	113	30	121	
23	113	13	102	
31	114	31	114	
19	110	31	122	
37	132	41	137	
12	116	16	121	
20	111	26	117	
30	130	11	110	
20	105	22	107	
42	128	34	120	
22	137	16	131	
27	130	22	125	
29	120	21	112	
20	116	23	120	
34	122	19	107	
42	115	25	98	
40	124	22	105	
40	126	32	117	
24	110	19	105	
29	128	31	130	
20	111	26	117	
36	123	33	120	
20	111	26	117	
31	126	14	109	
32	115	17	99	
25	96	34	105	
31	105	32	106	
29	122	20	112	
17	101	31	115	
26	129	19	122	
19	112	25	118	
38	130	11	103	
21	112	20	111	
20	111	26	117	
32	127	22	117	
20	111	26	117	
27	119	36	127	
19	124	18	123	
25	118	32	125	
11	125	22	136	
28	115	22	109	
25	109	31	115	
38	131	16	109	
14	129	19	134	
26	127	9	111	
40	120	47	126	
20	115	22	117	
20	111	26	117	
34	126	21	113	
29	112	28	110	
23	113	28	118	
27	120	24	117	
17	112	27	122	
23	111	30	118	
32	121	32	121	
17	107	24	114	
30	137	13	120	
32	135	17	120	
20	123	22	125	
34	118	21	106	
34	127	24	117	
18	127	19	128	
25	113	18	105	
32	125	43	136	
20	111	26	117	
21	116	31	126	
26	127	32	133	
20	111	26	117	
26	111	16	102	
17	112	25	120	
35	118	27	110	
26	122	33	128	
35	114	17	96	
20	111	26	117	
14	102	17	105	
30	131	31	132	
20	111	26	117	
23	120	14	112	
36	98	27	89	
20	111	26	117	
29	124	21	117	
18	110	27	119	
20	111	26	117	
24	108	21	106	
37	125	25	114	
20	111	26	117	
47	127	36	115	
26	108	38	120	
32	131	29	128	
38	120	37	119	
29	115	21	107	
20	111	26	117	
20	103	26	109	
16	108	30	123	
28	115	32	120	
39	118	26	105	
22	115	34	127	
20	111	26	117	
24	106	41	123	
25	116	25	115	
38	132	22	116	
39	124	23	108	
20	111	26	117	
21	110	14	103	
26	127	21	122	
15	112	24	121	
45	137	33	125	
20	111	26	117	
35	124	22	111	
20	111	26	117	
18	116	18	116	
25	104	32	111	
18	111	25	118	
13	120	10	116	
31	112	41	123	
22	122	16	116	
14	114	19	119	
26	116	19	109	
27	119	27	119	
35	112	19	96	
19	109	21	110	
35	123	35	122	
22	124	13	115	
17	118	22	123	
29	121	15	107	
40	123	26	110	
19	118	16	115	
24	100	24	101	
19	120	19	120	
37	136	35	133	
38	122	24	108	
43	114	29	100	
17	113	26	122	
20	111	26	117	
28	114	36	123	
27	119	27	119	
16	102	17	103	
25	120	32	127	
13	105	20	112	
39	130	34	125	
12	104	15	107	
27	128	19	119	
37	126	34	123	
19	108	24	113	
21	109	15	104	
35	133	30	128	
21	112	37	128	
13	110	34	130	
27	119	32	124	
20	111	26	117	
23	115	27	119	
16	101	33	118	
35	133	21	119	
32	102	30	100	
33	111	36	114	
18	113	34	129	
22	120	22	121	
27	119	9	101	
19	118	12	111	
36	125	18	107	
39	120	35	116	
12	115	15	118	
20	111	26	117	
20	111	26	117	
20	111	26	117	
32	125	27	119	
27	119	27	119	
16	105	36	125	
28	121	16	108	
16	117	15	115	
24	114	26	117	
25	102	46	123	
30	133	29	132	
33	115	17	99	
46	117	36	106	
20	113	20	113	
18	109	15	105	
40	128	24	113	
17	117	19	119	
17	120	12	115	
20	111	26	117	
25	119	22	116	
37	121	31	114	
21	116	28	124	
36	124	26	113	
26	133	23	130	
20	111	26	117	
20	111	26	117	
28	110	13	96	
25	113	29	117	
28	128	16	115	
18	110	27	119	
30	125	27	122	
14	111	13	110	
15	106	18	109	
35	111	25	101	
21	107	30	116	
25	107	33	116	
20	111	26	117	
22	104	22	104	
15	92	17	94	
24	110	16	102	
20	111	26	117	
13	110	21	118	
39	118	29	108	
18	111	22	115	
20	111	26	117	
20	111	26	117	
33	127	13	107	
34	135	15	116	
22	120	20	118	
22	113	14	105	
26	114	33	122	
35	122	18	105	
10	113	24	127	
35	125	39	129	
22	103	29	109	
43	125	35	117	
22	101	27	106	
17	120	20	123	
29	122	31	124	
27	123	19	115	
14	111	30	127	
25	120	16	111	
25	118	35	128	
13	120	20	127	
14	109	29	124	
35	123	35	123	
17	110	25	118	
20	111	26	117	
21	118	25	123	
36	116	22	102	
17	104	32	120	
21	112	31	121	
22	122	25	125	
38	122	23	107	
24	108	22	105	
20	111	26	117	
32	135	11	114	
50	134	31	115	
38	119	31	112	
24	115	20	111	
23	119	21	117	
30	102	44	116	
19	115	13	109	
20	111	26	117	
15	102	28	115	
13	98	24	110	
29	118	38	127	
20	111	26	117	
21	119	23	122	
32	116	24	108	
32	124	32	124	
28	118	23	113	
49	132	37	120	
20	111	26	117	
39	126	22	110	
24	110	35	121	
17	113	31	127	
28	118	16	106	
21	113	20	111	
20	111	26	117	
30	115	27	112	
16	109	17	110	
20	111	26	117	
33	112	32	112	
34	115	30	111	
37	125	29	117	
22	108	33	118	
26	98	29	101	
31	112	34	114	
28	109	20	102	
20	111	26	117	
20	111	26	117	
34	127	24	116	
20	111	26	117	
38	127	39	128	
30	119	26	115	
28	126	28	125	
42	123	22	103	
19	111	20	113	
37	124	22	109	
15	117	12	114	
41	126	23	108	
27	109	39	122	
23	109	20	106	
27	115	34	122	
30	123	30	123	
23	114	33	124	
22	121	9	108	
24	108	18	102	
20	105	23	108	
29	122	24	117	
24	127	15	118	
27	119	18	110	
20	111	26	117	
44	143	22	121	
27	119	23	115	
24	110	25	110	
10	115	32	137	
23	115	18	110	
34	116	36	119	
30	128	25	123	
23	116	24	117	
30	127	14	112	
20	111	26	117	
40	108	26	94	
33	117	29	113	
31	121	28	117	
30	107	36	113	
30	115	18	103	
22	121	13	112	
30	120	20	110	
24	116	28	120	
40	120	32	111	
18	105	19	105	
19	122	20	123	
18	126	10	118	
28	110	47	130	
27	119	18	110	
29	109	38	117	
36	124	13	102	
20	110	27	117	
24	116	42	134	
22	105	35	117	
22	110	23	111	
20	111	26	117	
23	120	28	124	
14	101	29	115	
34	113	37	116	
12	109	30	128	
32	121	29	118	
30	126	14	110	
27	117	34	124	
17	112	29	124	
37	119	40	122	
21	116	34	129	
29	122	30	123	
21	116	35	130	
4	92	23	115	
24	117	23	116	
28	131	29	132	
32	124	27	119	
41	124	27	110	
36	119	36	119	
30	116	29	115	
33	124	25	117	
26	118	20	112	
34	116	21	104	
27	119	22	114	
20	111	26	117	
20	102	31	114	
23	117	21	115	
8	84	35	111	
25	106	24	106	
32	118	33	118	
38	125	32	120	
18	129	18	130	
27	119	27	119	
27	119	18	110	
42	137	25	120	
28	118	19	109	
33	130	25	122	
27	117	28	119	
30	108	34	112	
36	124	33	121	
38	134	28	124	
18	113	19	114	
26	125	24	122	
22	108	38	124	
27	114	18	106	
20	123	23	126	
36	95	48	107	
20	120	18	118	
29	120	25	117	
40	117	26	103	
25	107	35	118	
34	117	32	115	
30	109	37	115	
30	128	21	118	
36	128	27	119	
17	110	14	107	
31	124	16	110	
14	106	27	119	
25	114	16	105	
20	111	26	117	
26	126	21	121	
27	115	18	106	
40	118	31	109	
21	121	22	122	
21	104	22	105	
25	102	30	107	
29	132	29	132	
26	126	20	121	
27	133	10	116	
26	111	19	104	
32	114	24	106	
20	115	22	117	
14	104	18	108	
20	111	26	117	
22	116	17	112	
37	113	14	90	
16	112	18	113	
17	120	22	125	
20	111	26	117	
16	107	35	125	
24	128	23	127	
20	107	33	120	
32	125	30	122	
12	114	21	123	
39	127	25	113	
23	123	12	111	
22	114	31	123	
25	112	24	111	
23	108	33	118	
30	116	24	109	
17	99	27	109	
24	107	23	105	
32	131	16	115	
42	121	29	109	
15	104	15	104	
18	110	20	111	
14	110	31	127	
20	119	22	121	
25	114	28	116	
21	115	32	127	
19	104	19	103	
16	109	19	112	
12	104	32	124	
27	117	16	105	
20	111	26	117	
30	127	17	113	
36	125	20	109	
17	106	28	116	
34	104	25	96	
33	139	22	127	
20	111	26	117	
36	121	35	120	
30	101	40	112	
23	114	31	121	
21	113	39	131	
30	121	25	116	
30	131	11	112	
27	109	27	109	
18	110	30	122	
45	131	35	121	
24	119	23	118	
20	111	26	117	
20	125	24	129	
23	123	14	113	
26	114	29	118	
17	120	15	118	
24	123	22	121	
10	126	15	131	
26	108	36	119	
16	121	14	119	
18	110	27	119	
18	101	21	103	
18	110	32	124	
33	125	19	111	
20	111	26	117	
24	114	21	110	
20	111	26	117	
30	105	37	112	
26	110	24	108	
20	117	13	109	
31	117	30	116	
25	114	25	114	
24	110	30	115	
23	113	22	111	
28	114	19	105	
29	89	47	106	
31	117	28	114	
30	124	20	114	
43	122	28	106	
34	123	31	120	
20	111	26	117	
34	124	15	106	
20	111	26	117	
20	111	26	117	
24	127	19	122	
14	103	28	118	
39	126	33	119	
13	115	22	123	
20	111	26	117	
15	108	20	113	
28	102	21	96	
25	125	27	128	
20	111	26	117	
35	122	34	121	
45	128	29	112	
25	123	20	118	
39	112	35	109	
45	129	20	104	
15	118	12	115	
37	134	19	116	
29	137	16	123	
35	123	29	116	
27	110	31	114	
31	117	36	123	
22	115	28	121	
20	111	26	117	
33	118	32	118	
16	115	6	105	
15	120	19	124	
9	108	12	111	
19	105	31	117	
12	117	12	117	
26	108	34	116	
20	111	26	117	
19	105	28	114	
35	129	30	124	
37	115	21	98	
33	123	35	125	
19	117	30	128	
37	124	23	109	
16	118	25	128	
35	113	42	120	
18	114	32	127	
31	124	25	118	
18	101	32	114	
22	119	29	126	
27	100	30	103	
37	125	13	102	
20	111	26	117	
36	129	22	115	
27	121	20	114	
36	127	26	117	
20	111	26	117	
33	125	24	117	
18	107	10	99	
27	97	32	102	
17	124	27	133	
24	122	19	117	
20	111	26	117	
23	123	21	121	
13	99	19	106	
33	119	37	123	
43	129	36	122	
20	111	26	117	
52	105	65	118	
13	112	20	120	
29	126	24	121	
9	107	30	128	
23	110	31	118	
20	111	26	117	
19	95	38	113	
20	111	26	117	
36	128	32	124	
19	108	29	118	
34	134	16	115	
37	126	24	113	
18	110	27	119	
32	124	36	128	
44	120	38	115	
18	95	35	112	
35	116	25	106	
25	119	20	114	
38	125	30	117	
18	123	21	125	
10	101	25	116	
21	119	16	114	
25	106	35	116	
20	111	26	117	
16	113	27	125	
38	125	18	105	
22	125	17	120	
13	114	19	121	
18	120	20	121	
12	114	22	124	
20	111	26	117	
15	118	19	122	
23	115	27	119	
33	107	33	108	
17	110	25	117	
25	130	18	122	
15	125	22	132	
30	122	33	125	
27	120	16	109	
28	119	21	112	
28	114	32	118	
21	124	31	134	
10	104	18	112	
29	116	35	122	
25	123	17	115	
24	114	16	106	
22	115	18	111	
33	132	16	115	
16	131	18	134	
15	118	25	128	
15	117	29	130	
21	122	17	118	
36	114	35	113	
20	111	26	117	
21	118	23	120	
25	113	30	118	
14	112	28	126	
27	110	32	114	
25	110	36	122	
12	115	17	120	
25	123	28	125	
29	111	37	120	
33	113	27	107	
24	120	29	125	
28	121	13	106	
26	105	29	108	
35	134	18	117	
34	122	36	125	
20	111	26	117	
30	117	30	117	
29	127	20	118	
15	108	30	123	
26	115	27	117	
21	113	35	126	
12	111	26	125	
20	111	26	117	
26	127	21	121	
24	112	16	104	
20	111	26	117	
30	128	28	126	
24	104	26	106	
23	106	18	100	
15	94	35	115	
26	126	16	116	
34	121	31	118	
31	124	21	114	
32	124	18	110	
20	111	26	117	
23	116	31	124	
14	117	32	135	
33	117	17	101	
13	116	28	131	
35	120	33	118	
18	110	23	115	
33	106	47	119	
29	120	25	115	
32	127	22	117	
25	99	25	99	
19	108	20	109	
49	119	29	100	
23	130	10	117	
20	111	26	117	
37	118	20	100	
32	124	22	114	
35	126	28	119	
25	110	26	111	
30	109	41	121	
31	134	24	127	
17	115	21	118	
17	116	27	126	
30	121	23	114	
17	112	27	122	
26	129	9	112	
38	128	24	114	
25	114	33	122	
43	125	35	116	
40	130	18	108	
29	109	35	115	
12	108	31	126	
20	102	27	109	
26	109	41	124	
13	104	29	121	
25	112	25	112	
28	107	33	112	
37	132	21	116	
24	122	19	116	
36	118	35	116	
36	124	22	110	
20	111	26	117	
20	119	20	119	
20	111	26	117	
30	122	28	119	
14	121	10	116	
36	128	27	119	
20	111	26	117	
33	137	15	119	
35	121	32	118	
23	129	20	125	
41	127	31	117	
19	121	26	127	
38	121	26	110	
26	121	15	110	
35	120	15	100	
20	125	12	117	
29	114	29	115	
41	122	32	112	
21	103	37	118	
37	124	36	123	
23	111	36	123	
48	126	36	114	
33	123	39	128	
24	111	37	124	
40	126	30	115	
43	124	20	101	
34	132	18	115	
20	111	26	117	
39	122	23	106	
27	123	27	123	
39	130	18	109	
32	121	35	125	
27	112	21	107	
27	107	36	116	
12	104	33	125	
29	121	22	114	
5	97	27	119	
27	109	34	116	
22	115	19	112	
20	111	26	117	
39	130	39	130	
16	119	24	127	
20	111	26	117	
34	120	30	116	
20	111	26	117	
29	117	31	119	
30	115	18	104	
20	111	26	117	
44	118	36	110	
36	126	25	115	
20	111	26	117	
32	109	34	111	
28	128	19	118	
28	101	35	108	
20	111	26	117	
36	119	24	108	
19	104	18	102	
46	116	32	102	
29	122	35	127	
12	117	12	117	
21	122	21	122	
16	107	16	108	
14	113	28	126	
27	132	17	122	
23	116	27	119	
23	112	22	112	
20	111	26	117	
20	111	26	117	
20	111	26	117	
37	123	38	124	
16	115	25	123	
27	123	15	111	
23	116	37	130	
11	106	10	105	
33	114	34	115	
23	115	27	119	
15	118	24	127	
20	111	26	117	
20	111	26	117	
36	120	31	115	
29	120	20	111	
42	133	16	107	
20	111	26	117	
20	111	26	117	
33	140	32	139	
26	116	34	124	
33	116	33	115	
30	126	30	126	
31	114	23	106	
20	111	26	117	
37	114	29	106	
30	126	32	127	
38	132	17	111	
21	116	25	120	
36	129	32	124	
18	111	15	107	
15	113	13	111	
21	109	29	117	
37	127	27	117	
20	111	26	117	
34	120	31	118	
37	112	38	113	
18	129	18	130	
18	118	10	110	
28	121	29	122	
31	119	19	108	
32	121	20	109	
32	112	30	109	
19	112	25	118	
42	127	32	116	
41	128	17	104	
27	118	17	108	
32	127	33	128	
38	124	19	105	
32	123	20	111	
35	109	24	99	
39	119	33	113	
38	139	23	124	
44	116	26	99	
24	116	22	114	
31	121	37	127	
42	124	37	118	
20	111	26	117	
22	130	25	133	
31	116	24	109	
20	111	26	117	
18	127	19	128	
23	114	23	114	
32	116	27	111	
20	111	20	110	
20	111	26	117	
18	110	18	110	
25	110	26	111	
20	111	26	117	
27	119	18	110	
20	111	26	117	
24	127	15	118	
27	112	40	126	
40	122	19	101	
37	118	36	118	
26	127	17	118	
35	133	23	121	
15	114	10	109	
23	112	38	127	
40	124	21	105	
32	135	19	122	
18	106	24	112	
13	98	26	110	
20	111	26	117	
18	114	15	111	
33	116	32	114	
20	98	24	102	
20	111	26	117	
17	114	28	125	
31	124	20	112	
13	112	16	115	
19	114	21	115	
37	126	33	122	
40	121	30	111	
14	117	15	118	
22	110	33	121	
20	111	26	117	
20	111	26	117	
16	128	25	137	
43	120	29	106	
20	111	26	117	
35	131	12	108	
18	119	28	128	
34	112	34	113	
38	124	35	121	
26	112	26	112	
16	112	10	106	
39	127	16	103	
18	115	26	122	
32	124	17	109	
31	124	17	110	
34	128	16	110	
38	129	28	119	
23	116	30	122	
10	99	32	121	
20	111	26	117	
12	117	11	117	
22	118	20	117	
40	121	21	102	
28	115	27	114	
20	111	26	117	
28	121	31	124	
41	129	29	117	
31	121	25	115	
17	114	26	123	
29	108	50	129	
36	115	18	97	
28	111	27	111	
33	128	21	115	
29	132	29	132	
26	118	23	115	
24	123	20	119	
20	136	15	131	
23	130	21	128	
31	126	29	125	
28	125	20	117	
37	123	37	123	
22	102	32	112	
28	125	28	124	
22	115	15	108	
4	118	15	129	
33	125	20	113	
25	114	14	104	
28	128	25	125	
28	124	24	119	
15	105	32	122	
20	98	26	104	
21	124	20	123	
36	109	24	96	
37	118	25	106	
23	132	19	128	
50	121	30	100	
31	118	19	105	
4	102	12	111	
39	128	26	115	
30	109	21	100	
27	112	20	104	
26	111	34	120	
18	110	18	110	
20	111	26	117	
20	111	26	117	
38	125	14	101	
23	115	18	110	
20	117	26	123	
18	111	26	119	
17	120	27	130	
17	117	25	125	
24	117	14	107	
23	111	27	115	
34	113	32	110	
36	117	23	104	
24	107	14	98	
20	111	26	117	
34	133	24	123	
31	117	27	112	
21	111	27	117	
39	122	23	106	
29	115	29	115	
31	114	31	114	
34	125	24	115	
33	140	18	125	
23	130	27	133	
20	97	24	101	
26	103	37	113	
27	130	22	125	
35	119	35	120	
32	116	38	122	
30	114	21	104	
33	117	41	124	
24	97	38	111	
28	130	23	124	
31	122	35	126	
17	107	22	112	
32	124	22	113	
28	115	37	123	
20	111	26	117	
20	111	26	117	
21	114	33	126	
32	135	7	110	
34	117	25	108	
37	122	29	114	
32	119	25	112	
34	127	24	117	
28	105	37	114	
11	109	11	110	
25	132	10	116	
18	100	38	120	
40	127	22	109	
27	111	26	110	
22	136	11	125	
42	135	14	107	
35	121	32	118	
12	111	34	134	
23	106	23	106	
36	123	33	120	
32	107	23	99	
20	111	26	117	
18	102	28	113	
22	115	18	111	
16	102	18	105	
20	111	26	117	
35	128	23	116	
17	103	28	113	
19	117	7	106	
33	124	16	107	
20	111	26	117	
33	130	15	112	
29	119	16	106	
22	121	30	129	
19	119	13	113	
20	111	26	117	
30	105	33	108	
29	132	19	122	
34	134	8	108	
14	113	25	124	
18	107	16	105	
37	120	32	116	
13	119	22	127	
36	115	23	103	
30	117	22	109	
22	129	25	132	
31	121	21	112	
16	104	35	124	
20	111	26	117	
36	124	28	115	
12	103	32	123	
36	125	19	108	
36	126	22	113	
20	111	26	117	
35	112	24	101	
19	122	25	128	
20	111	26	117	
13	107	23	117	
14	108	26	121	
20	111	26	117	
20	111	26	117	
22	128	22	128	
25	129	20	124	
20	118	28	126	
26	122	21	117	
35	111	20	97	
13	108	24	119	
29	118	33	122	
28	110	34	117	
29	105	34	109	
27	112	21	107	
28	111	24	107	
20	111	26	117	
33	114	30	111	
29	132	17	120	
22	124	14	116	
33	122	29	119	
20	111	26	117	
46	119	45	117	
39	118	30	110	
20	111	26	117	
21	106	15	100	
26	109	39	122	
38	124	34	120	
16	106	24	114	
20	111	26	117	
31	120	30	120	
35	119	19	104	
36	135	16	115	
28	128	31	131	
12	104	31	123	
19	108	34	123	
29	120	24	115	
22	115	26	119	
28	128	25	125	
23	113	33	123	
20	111	26	117	
21	124	18	121	
20	111	26	117	
20	111	26	117	
19	115	30	127	
25	125	31	131	
20	111	26	117	
30	123	24	117	
16	118	27	128	
27	112	21	107	
28	126	13	111	
30	109	22	102	
11	107	13	109	
27	119	23	115	
19	99	36	116	
18	119	16	117	
30	118	28	116	
25	112	11	98	
27	111	28	112	
27	126	28	127	
26	121	26	121	
33	105	40	112	
36	128	27	119	
26	123	11	107	
25	102	34	111	
31	126	21	116	
24	119	34	129	
20	101	22	102	
20	111	26	117	
31	122	31	122	
20	111	26	117	
28	113	22	107	
6	109	23	125	
24	122	17	115	
27	112	33	118	
20	111	26	117	
42	123	27	108	
38	137	25	124	
37	123	29	115	
31	114	31	114	
21	118	30	128	
33	124	16	106	
29	123	18	113	
30	114	39	124	
12	109	15	112	
39	122	38	121	
17	120	22	125	
32	124	27	119	
4	92	18	110	
21	112	25	116	
36	130	27	121	
20	111	26	117	
38	127	17	105	
25	123	32	129	
20	105	14	99	
27	120	20	113	
12	107	29	125	
18	109	30	121	
26	110	27	111	
21	114	28	121	
31	120	29	118	
25	112	25	112	
15	111	25	121	
4	83	36	118	
33	122	18	107	
20	111	26	117	
12	117	12	117	
20	111	25	115	
25	110	29	114	
34	119	21	106	
10	116	22	128	
34	103	27	96	
20	111	26	117	
24	112	31	120	
31	119	29	117	
20	111	26	117	
34	117	33	116	
20	111	26	117	
40	125	19	104	
20	109	23	111	
23	114	18	109	
25	106	28	109	
42	129	37	124	
26	111	30	114	
20	111	26	117	
18	110	36	128	
28	118	33	123	
33	124	20	111	
22	122	25	125	
35	129	17	112	
23	115	31	123	
19	116	21	119	
34	124	28	118	
37	118	29	111	
25	110	23	107	
15	96	34	115	
22	123	29	129	
26	133	27	133	
20	111	26	117	
11	125	22	136	
40	129	22	111	
20	111	26	117	
19	122	14	117	
28	119	16	107	
34	129	31	126	
37	116	35	113	
29	129	23	123	
28	118	23	113	
35	116	38	119	
16	98	27	110	
20	127	16	123	
18	110	29	121	
20	111	26	117	
14	114	32	132	
38	118	29	109	
39	129	29	120	
31	113	34	117	
22	123	18	119	
13	106	27	121	
25	128	15	118	
22	104	35	117	
21	108	31	118	
31	110	42	122	
21	102	32	113	
23	116	30	123	
20	111	26	117	
18	121	11	114	
15	114	16	115	
20	111	26	117	
24	104	46	125	
11	101	18	109	
35	119	31	114	
18	114	15	112	
25	112	42	129	
16	122	25	131	
14	106	24	115	
22	121	38	137	
17	119	21	123	
37	127	38	128	
20	117	27	123	
29	111	35	118	
20	111	26	117	
34	101	32	99	
20	111	26	117	
27	128	27	128	
12	113	9	111	
40	120	35	115	
36	127	32	122	
23	115	32	124	
15	108	16	109	
32	129	18	115	
20	111	26	117	
21	118	14	112	
23	114	14	106	
18	110	27	119	
20	111	26	117	
34	127	16	110	
41	133	34	126	
21	118	28	125	
42	128	30	115	
28	117	28	117	
20	111	26	117	
31	109	24	102	
37	135	26	125	
22	127	28	133	
43	127	30	114	
29	125	23	119	
20	111	26	117	
28	124	39	135	
29	132	25	128	
22	128	20	126	
18	116	18	116	
23	112	27	115	
19	116	21	118	
34	119	25	111	
22	115	40	132	
20	111	26	117	
20	111	26	117	
31	114	39	122	
40	112	21	93	
21	118	31	128	
38	122	23	108	
33	125	24	116	
28	128	22	121	
20	111	26	117	
20	111	26	117	
23	111	38	126	
28	118	18	108	
26	113	30	117	
23	115	18	110	
23	119	13	109	
29	124	29	125	
17	103	17	103	
20	111	26	117	
34	137	27	130	
53	136	32	114	
20	111	26	117	
22	112	27	118	
23	114	29	120	
20	111	26	117	
32	118	33	118	
32	121	35	123	
29	118	28	117	
26	108	29	111	
18	117	17	117	
20	103	24	107	
21	124	15	118	
29	111	24	106	
31	118	16	103	
18	109	23	114	
31	122	22	113	
25	114	23	111	
36	126	23	114	
21	118	24	121	
44	121	36	112	
26	121	17	112	
25	120	29	125	
20	111	26	117	
37	120	28	112	
10	116	6	113	
29	110	24	105	
29	107	29	106	
27	114	27	114	
43	127	30	114	
20	111	26	117	
19	107	16	104	
25	115	17	108	
29	127	22	120	
20	103	28	112	
25	112	39	126	
20	128	19	127	
30	125	15	110	
31	119	26	113	
32	125	18	111	
26	131	8	113	
36	134	28	126	
19	109	29	119	
25	125	32	131	
20	111	26	117	
20	127	6	113	
15	108	19	112	
14	115	14	115	
32	116	30	115	
25	123	33	131	
29	132	25	128	
30	116	27	112	
14	114	17	117	
18	98	5	86	
33	126	27	120	
20	111	26	117	
25	115	15	105	
36	122	32	117	
22	104	32	114	
34	127	28	120	
26	115	20	109	
20	111	26	117	
36	128	9	101	
24	116	31	123	
23	106	23	106	
45	122	31	107	
17	119	24	126	
25	119	28	123	
23	111	32	119	
19	111	32	123	
26	108	37	119	
27	110	26	108	
28	123	19	114	
16	117	26	127	
28	113	35	121	
29	103	28	102	
21	109	29	117	
31	131	19	118	
32	127	34	130	
28	122	16	110	
12	115	27	130	
25	104	27	106	
14	115	13	115	
31	123	22	115	
28	128	28	128	
20	111	26	117	
42	121	35	114	
21	130	12	121	
17	118	21	122	
37	126	30	120	
44	120	29	106	
12	110	27	125	
20	111	26	117	
24	97	34	108	
16	116	13	112	
18	110	27	119	
36	113	21	98	
32	127	25	121	
28	108	31	111	
20	111	26	117	
29	118	27	117	
26	105	29	108	
20	111	26	117	
16	118	12	114	
21	112	30	121	
24	114	19	108	
24	105	34	114	
32	107	21	95	
24	105	15	97	
33	125	28	120	
20	111	26	117	
31	124	23	116	
20	111	26	117	
15	94	32	112	
30	102	45	117	
20	107	38	126	
10	94	25	110	
30	133	18	121	
45	125	22	102	
18	120	12	114	
21	110	35	124	
34	123	28	116	
38	124	29	115	
20	111	26	117	
20	111	26	117	
14	113	21	121	
20	111	26	117	
17	109	30	122	
19	115	33	128	
36	113	29	106	
23	106	33	116	
36	125	33	123	
27	119	36	128	
32	113	34	114	
23	124	18	118	
19	95	34	110	
49	142	33	125	
22	125	37	140	
20	111	26	117	
13	115	21	123	
23	115	18	110	
27	131	31	135	
9	101	27	119	
23	114	16	107	
29	113	23	108	
25	132	23	130	
20	111	26	117	
20	111	26	117	
19	110	29	120	
21	110	39	128	
42	132	20	111	
22	101	20	99	
23	112	31	119	
20	123	29	132	
17	120	12	115	
16	108	33	125	
30	117	25	111	
22	112	25	115	
35	132	28	124	
26	119	29	122	
13	108	14	109	
25	102	27	103	
40	137	25	123	
28	120	26	117	
22	120	28	126	
28	119	29	121	
20	111	26	117	
29	125	32	128	
32	125	37	130	
40	125	32	117	
25	112	26	112	
34	124	29	119	
20	111	26	117	
18	117	27	125	
19	118	12	111	
23	131	28	137	
27	115	26	115	
26	118	26	117	
32	123	20	110	
17	105	23	111	
16	103	29	115	
20	103	23	106	
45	137	18	110	
32	122	25	115	
19	105	21	106	
19	122	19	122	
20	111	26	117	
16	115	22	121	
20	111	26	117	
26	113	30	118	
21	111	13	103	
46	123	42	119	
4	85	31	114	
21	129	12	119	
20	111	26	117	
32	123	17	108	
18	115	32	129	
33	114	24	106	
28	122	33	127	
20	102	27	109	
15	124	15	124	
35	109	33	107	
34	127	13	107	
21	112	24	114	
22	115	32	125	
21	114	29	121	
21	106	27	111	
35	114	40	119	
38	122	33	117	
24	110	23	109	
20	111	26	117	
24	111	19	107	
20	125	30	135	
22	120	13	111	
20	111	26	117	
19	118	22	121	
20	111	26	117	
24	127	12	115	
32	125	29	121	
14	111	20	117	
20	111	26	117	
17	106	24	113	
15	114	24	123	
34	119	32	117	
39	119	27	108	
46	118	40	112	
11	109	21	118	
26	114	33	121	
25	117	30	122	
38	137	19	117	
27	118	16	108	
41	128	34	121	
18	114	23	119	
45	140	38	133	
30	118	29	117	
36	129	16	109	
27	125	25	122	
19	119	15	115	
21	119	22	120	
21	118	38	135	
25	113	17	104	
37	120	26	110	
20	111	26	117	
27	131	14	118	
23	122	30	128	
27	106	27	105	
20	111	26	117	
23	130	13	120	
25	112	33	120	
20	111	26	117	
44	125	23	103	
41	130	26	115	
29	112	19	102	
30	129	26	125	
29	121	16	107	
26	119	16	108	
23	110	33	120	
21	109	32	120	
12	115	31	134	
23	102	17	96	
37	120	21	105	
17	102	31	116	
21	120	15	114	
29	117	27	115	
22	115	21	114	
25	124	33	132	
32	117	34	119	
20	111	26	117	
34	123	22	112	
21	107	24	110	
21	114	36	129	
21	127	22	127	
24	111	28	114	
20	111	26	117	
11	125	17	131	
30	119	30	119	
21	117	14	110	
30	117	22	109	
8	105	22	118	
10	109	16	116	
35	126	16	107	
32	128	21	117	
32	124	22	114	
32	124	27	119	
27	119	27	119	
21	105	36	120	
27	119	27	119	
21	123	29	130	
24	123	21	120	
20	111	26	117	
26	110	34	118	
30	115	32	116	
27	111	18	103	
29	109	34	114	
33	115	30	112	
22	112	26	115	
32	121	24	113	
28	122	24	119	
39	122	39	122	
26	121	29	123	
21	114	28	121	
4	57	52	107	
18	111	35	128	
19	112	18	111	
24	124	11	110	
16	128	20	131	
20	111	26	117	
32	127	19	115	
20	111	26	117	
14	116	27	130	
28	116	23	110	
18	107	33	122	
22	118	15	111	
26	127	19	120	
19	120	18	119	
20	111	26	117	
31	123	15	107	
33	117	26	110	
31	127	16	112	
19	112	25	118	
44	127	22	105	
25	104	27	106	
